4.174855804681637
4.174761861603965
4.174637415579517
4.174475503517067
4.174268669062919
4.1740092214043285
4.173689870283611
4.17330294230569
4.172845981507724
4.172318170267093
4.171722547572225
4.171068057810698
4.170367509369054
4.169635414527888
4.168883983192417
4.168118374275932
4.1673312804797495
4.166499454938543
4.165581517377394
4.164529780634348
4.163290160004131
4.161822813632974
4.160110499153808
4.158163013463857
4.156026200305959
4.153760250177645
4.151420982658925
4.149027959423904
4.146539817868455
4.143837055269162
4.140723989163024
4.136950639965893
4.132268797323154
4.126483510138327
4.119532759155552
4.111513318913534
4.102707911122645
4.0935385708488665
4.084516241713832
4.076124656966344
4.06868757361001
4.062262920530953
4.056559892796728
4.0509210896864944
4.044377191422585
4.035786278446699
4.024037522705647
4.008301031166361
3.988263390749299
3.96428213198303
3.9374189531956443
3.909313118164906
3.881908642978605
3.857226185591994
3.8369355368849347
3.8220059826394635
3.8124265682535046
3.807033807940459
3.8034597959066674
3.7982655627535276
3.787311853822064
3.7663984585862367
3.7320867799311976
3.6825679265406626
3.6182894776485632
3.5421127240491
3.458891900664077
3.3747117867403085
3.2958487403329864
3.227914273050398
3.1750495045310405
3.139449063305207
3.1210623081144195
3.117282903796847
3.1227450601310807
3.1293953149984235
3.1272176932119713
3.1059122741426126
3.0574838062587992
2.9788850163086815
2.8734550615517165
2.750139349413597
2.620877599809267
2.497789844986581
2.390628906623277
2.3060261146568015
2.2472549391894243
2.214556504297506
2.205194990714011
2.213033549608968
2.227936332710272
2.235724227187074
2.2199817782862343
2.1666152783390955
2.0698602478130144
1.9358545364303006
1.7803771484387358
1.6222200890610332
1.4769783063938786
1.354299733634758
1.2580965928043577
1.1898710739190483
1.148612249330903
1.1322678947933478
1.137877702962724
1.1605726138194166
1.1916670081100762
1.2165723698768514
1.2150631591028664
1.1678980712543985
1.0691966824186803
0.9333719642467253
0.7865816812756704
0.6513574737109692
0.5390944500294712
0.4518675747740959
0.3870724849931114
0.34081850302601735
0.3095589416923268
0.2906409076965198
0.28239757716979574
0.28410302518867503
0.29593828065017663
0.3190211025669631
0.3555047070167765
0.4087035893425352
0.48308185644150275
0.5837155544930409
0.7143523007653967
0.8728327024640895
1.043876814428804
1.194846441868882
1.2864053071931787
1.2982880155299052
1.243564227514854
1.154424135657059
1.0602491983128979
0.9785989898313774
0.9171429624256642
0.8782394198515551
0.8622649414627442
0.8694951355424023
0.9004597030677651
0.9569855424497945
1.0416914010648322
1.1573504590195791
1.3055831434589578
1.4843834986449749
1.6845707857989285
1.8867228620323744
2.0622497999061604
2.1820293805309485
2.229764902701194
2.2099136334627083
2.1434281051248525
2.0563813576922922
1.970867581917466
1.9018439757415757
1.8580521336430966
1.844173733361784
1.862703496256468
1.9148817415625279
2.0010725176064312
2.1204513495526696
2.2700616437686008
2.4433741707174716
2.6291512444164744
2.811288828180151
2.9707512143113304
3.0897864474827315
3.1570123759210342
3.1708171133138268
3.1391857740217817
3.0763812967428605
2.9986103236787613
2.9206355805237147
2.854103414161701
2.807233799959841
2.7852518229071275
2.791019224817981
2.8252889653657154
2.8871949701104147
2.973966365925984
3.0808937214492205
3.2011115518803015
3.3257842658872376
3.44481593488313
3.5480699781940577
3.6269176108535683
3.675645215756489
3.692319016188375
3.678860607581193
3.6404360599602095
3.584404920796469
3.5191477807062057
3.4530233591637556
3.39355942757033
3.3469363029923356
3.3177296473579845
3.308780707349667
3.32122808459829
3.354568795008974
3.4066604526904567
3.4737876975395987
3.550880588097936
3.6318506321822066
3.7101728696542775
3.7796018528504183
3.8349178192105495
3.872510863129373
3.8907163655351833
3.8898749905199224
3.8721333134040052
3.8410978579786352
3.801378236571398
3.7580940581012383
3.7163739617532983
3.680891233897712
3.6554871306825647
3.6428837229859226
3.6445039636051195
3.660453834803832
3.689544763026523
3.729424762842523
3.7767998789472936
3.8277878603373505
3.878314917232215
3.9245388578328306
3.9632169272092552
3.991955507785896
4.009358385644244
4.015042532052948
4.009600519444813
3.994517184926186
3.9720530902058933
3.945075117292001
3.9168177006184997
3.890591227120462
3.8694491787479186
3.8558848865485262
3.851579489117726
3.857221790071911
3.872479810827875
3.8960942227737796
3.925995242536453
3.9595969372921838
3.9941360702909625
4.027003168946057
4.0560338217004315
4.079690608864528
4.097139642399685
4.108192620432358
4.113197275240888
4.112905644896941
4.1083540751406105
4.1007671649064354
4.091478722095053
4.081853616612407
4.073196515996909
4.066649862053783
4.063090358362855
4.063043252696394
4.066604986567246
4.073488970324573
4.083066160433325
4.094458569397838
4.106679009815945
4.118774860853691
4.129942043408359
4.139606592780084
4.147442779980402
4.153352435035363
4.157415167127669
4.159829256514572
4.160858458711287
4.1607947082816334
4.159937628965632
4.1585850293249695
4.15702393726127
4.155524345326068
4.154322598192332
4.153602535437563
4.153476500052559
4.153976904578192
4.155055564632917
4.156610242871587
4.158491203816354
4.160535589677349
4.1625954397535105
4.164554867467497
4.166338613815984
4.167909971185334
4.169263099520327
4.170411718598519
4.171378167397143
4.1721857875980595
4.172855307901799
4.173403705311086
4.173845103224674
4.174192291473786
4.174457872479655
4.174654667079016
4.174795912593411
4.174894113965127
4.1749578993301375
4.174998820639021
4.175024810356472
4.1750412837180155
4.175052056788289
4.175059655438249
4.175065587690788
4.175070306805864
4.175074273177863
